2000	97.57266998
1995	97.66178894
1990	97.66475677
1985	97.66616821
1980	97.685112
1975	97.69483948
1970	97.70240784
1965	97.69276428
1960	97.70005798
1955	97.70359039
1950	97.7088623
1945	97.70983887
1940	97.72008514
1935	97.72721863
1930	97.7333374
1925	97.74481201
1920	97.7666626
1915	97.76864624
1910	97.75881958
1905	97.7716217
1900	97.79325104
1895	97.80105591
1890	97.79669189
1885	97.81581116
1880	97.822052
1875	97.83512115
1870	97.83346558
1865	97.84931946
1860	97.85140991
1855	97.865242
1850	97.87451935
1845	97.88419342
1840	97.88184357
1835	97.90065765
1830	97.91325378
1825	97.91098022
1820	97.91685486
1815	97.94402313
1810	97.94922638
1805	97.96118164
1800	97.9577179
1795	97.96916962
1790	97.98732758
1785	97.99701691
1780	98.01143646
1775	98.02151489
1770	98.03222656
1765	98.03677368
1760	98.04395294
1755	98.05625916
1750	98.06839752
1745	98.0773468
1740	98.0870285
1735	98.09842682
1730	98.12401581
1725	98.13541412
1720	98.12379456
1715	98.13811493
1710	98.14637756
1705	98.1568985
1700	98.16552734
1695	98.17435455
1690	98.1848526
1685	98.19766998
1680	98.20848083
1675	98.21518707
1670	98.22738647
1665	98.23508453
1660	98.24437714
1655	98.25800323
1650	98.26190186
1645	98.27086639
1640	98.27791595
1635	98.29348755
1630	98.3013916
1625	98.30864716
1620	98.32026672
1615	98.33029938
1610	98.34118652
1605	98.34591675
1600	98.36283112
1595	98.36495209
1590	98.37308502
1585	98.38285828
1580	98.38780975
1575	98.39724731
1570	98.40769958
1565	98.42140961
1560	98.42796326
1555	98.43561554
1550	98.44258881
1545	98.45181274
1540	98.45663452
1535	98.46866608
1530	98.47568512
1525	98.48423004
1520	98.49716187
1515	98.49629211
1510	98.50593567
1505	98.51512909
1500	98.52534485
1495	98.52645874
1490	98.53974152
1485	98.54355621
1480	98.55660248
1475	98.56123352
1470	98.56557465
1465	98.57353973
1460	98.57962799
1455	98.58795166
1450	98.59116364
1445	98.59751129
1440	98.6065979
1435	98.61151123
1430	98.62193298
1425	98.62374115
1420	98.6235199
1415	98.63435364
1410	98.6398468
1405	98.65328217
1400	98.65584564
1395	98.66448975
1390	98.66670227
1385	98.66927338
1380	98.67869568
1375	98.68217468
1370	98.69309235
1365	98.69869232
1360	98.7166748
1355	98.7234726
1350	98.72789001
1345	98.73130035
1340	98.74251556
1335	98.75037384
1330	98.75833893
1325	98.76499176
1320	98.7692337
1315	98.77753448
1310	98.77696228
1305	98.78928375
1300	98.78746033
1295	98.80028534
1290	98.80506897
1285	98.81037903
1280	98.81880188
1275	98.82460022
1270	98.83208466
1265	98.83422089
1260	98.84370422
1255	98.84355927
1250	98.85779572
1245	98.86252594
1240	98.87114716
1235	98.87823486
1230	98.88452911
1225	98.890625
1220	98.89386749
1215	98.90006256
1210	98.908638
1205	98.91369629
1200	98.9209137
1195	98.81745911
1190	98.82028198
1185	98.82143402
1180	98.82589722
1175	98.82600403
1170	98.83101654
1165	98.8343811
1160	98.84075165
1155	98.84448242
1150	98.84970856
1145	98.85174561
1140	98.84838104
1135	98.85180664
1130	98.85359955
1125	98.85359192
1120	98.8479538
1115	98.85050201
1110	98.84922028
1105	98.84989166
1100	98.84511566
1095	98.84602356
1090	98.84501648
1085	98.84108734
1080	98.84118652
1075	98.83759308
1070	98.83798981
1065	98.84951782
1060	98.82519531
1055	98.81684113
1050	98.81088257
1045	98.80701447
1040	98.7926712
1035	98.77893829
1030	98.77442169
1025	98.76148987
1020	98.75024414
1015	98.73023224
1010	98.71257019
1005	98.70018768
1000	98.68115234
995	98.66069794
990	98.64859009
985	98.63414001
980	98.59539032
975	98.57450867
970	98.54280853
965	98.54055786
960	98.52240753
955	98.4923172
950	98.46193695
945	98.43929291
940	98.40940857
935	98.39679718
930	98.37216949
925	98.35430145
920	98.33460236
915	98.27027893
910	98.23174286
905	98.27217865
900	98.18200684
895	98.18092346
890	98.16954803
885	98.03787994
880	98.16212463
875	98.07505035
870	98.12386322
865	98.00279999
860	98.00152588
855	98.1073761
850	97.94058228
845	97.9464798
840	97.7651062
835	97.70985413
830	97.91765594
825	97.71586609
820	97.62142181
815	97.57784271
810	97.46263123
805	97.47549438
800	97.29766846
795	97.430336
790	97.40384674
785	97.31518555
780	97.24007416
775	97.17118835
770	97.10381317
765	97.07862091
760	96.97044373
755	96.99508667
750	96.91415405
745	96.89447021
740	96.83200073
735	96.83144379
730	96.79605865
725	96.76406097
720	96.79417419
715	96.7554245
710	96.81985474
705	96.79966736
700	96.79223633
695	96.86598969
690	96.90802765
685	96.943573
680	96.99318695
675	97.07706451
670	97.12831879
665	97.19683838
660	97.28250885
655	97.34789276
650	97.41835022
645	97.4783783
640	97.53371429
635	97.58756256
630	97.63110352
625	97.68365479
620	97.74000549
615	97.77802277
610	97.83370972
605	97.86024475
600	97.88324738
595	97.90884399
590	97.91643524
585	97.9526825
580	97.95088196
575	97.95494843
570	97.95061493
565	97.88253784
560	97.8738327
555	97.81143951
550	97.80886078
545	97.79788208
540	97.72714996
535	97.65881348
530	97.58042145
525	97.49425507
520	97.36798859
515	97.29927063
510	97.14043427
505	96.98988342
500	96.8197937
495	96.66473389
490	96.49021912
485	96.35583496
480	96.2349472
475	96.13121796
470	96.12015533
465	96.14214325
460	96.22225952
455	96.40493011
450	96.61547089
445	96.8184967
440	97.04728699
435	97.21764374
430	97.41424561
425	97.57202148
420	97.64629364
415	97.69648743
410	97.73174286
405	97.71394348
400	97.69566345
395	97.54045105
390	97.24627686
385	96.79388428
380	96.07436371
375	95.20765686
370	94.62504578
365	94.40854645
360	94.28340149
355	94.09211731
350	93.85083008
345	93.12397003
340	89.98513794
335	79.63200378
330	41.72070313
325	9.745103836
320	30.90742874
315	27.25597572
310	22.82517624
305	18.65704918
300	13.05020714