2000	96.81830597
1995	97.04166412
1990	96.64777374
1985	97.02803802
1980	96.78676605
1975	96.82405853
1970	96.77250671
1965	96.76438904
1960	96.85303497
1955	96.74248505
1950	96.81410217
1945	96.90454865
1940	96.889534
1935	96.70959473
1930	96.67362213
1925	96.72460938
1920	96.80021667
1915	96.65174103
1910	96.73053741
1905	96.83449554
1900	96.7474823
1895	96.68856812
1890	96.65110779
1885	96.80422974
1880	96.70379639
1875	96.5746994
1870	96.80628204
1865	96.54199219
1860	96.63923645
1855	96.65093231
1850	96.63795471
1845	96.66802216
1840	96.519104
1835	96.53894043
1830	96.62177277
1825	96.53983307
1820	96.63568878
1815	96.52090454
1810	96.3885498
1805	96.37757874
1800	96.47360229
1795	96.62483215
1790	96.44225311
1785	96.53917694
1780	96.66267395
1775	96.50003052
1770	96.43898773
1765	96.41474152
1760	96.47971344
1755	96.53205109
1750	96.55149841
1745	96.51182556
1740	96.43539429
1735	96.44752502
1730	96.42774963
1725	96.52112579
1720	96.4155426
1715	96.50455475
1710	96.46305847
1705	96.51487732
1700	96.50291443
1695	96.4419632
1690	96.39125061
1685	96.3822937
1680	96.37256622
1675	96.4179306
1670	96.4204483
1665	96.39305115
1660	96.36518097
1655	96.38596344
1650	96.27436066
1645	96.35496521
1640	96.36333466
1635	96.40888214
1630	96.30873108
1625	96.37909698
1620	96.3653183
1615	96.29853058
1610	96.27139282
1605	96.28315735
1600	96.30166626
1595	96.23451996
1590	96.26976776
1585	96.23472595
1580	96.24461365
1575	96.22595215
1570	96.22408295
1565	96.21080017
1560	96.16651917
1555	96.22629547
1550	96.19901276
1545	96.18289185
1540	96.194664
1535	96.10960388
1530	96.19280243
1525	96.14068604
1520	96.12381744
1515	96.10564423
1510	96.14099121
1505	96.08433533
1500	96.1162262
1495	96.05912018
1490	96.10457611
1485	96.05817413
1480	96.05651855
1475	96.10565948
1470	96.01164246
1465	96.01324463
1460	96.00709534
1455	95.96632385
1450	95.98283386
1445	95.99169159
1440	95.9621582
1435	95.95798492
1430	95.88027954
1425	95.91437531
1420	95.85087585
1415	95.88263702
1410	95.89071655
1405	95.8860321
1400	95.84558868
1395	95.83607483
1390	95.80575562
1385	95.76006317
1380	95.71360016
1375	95.76346588
1370	95.69577026
1365	95.69114685
1360	95.7105484
1355	95.71206665
1350	95.62181854
1345	95.6054306
1340	95.62358093
1335	95.59346771
1330	95.54795074
1325	95.55715942
1320	95.51443481
1315	95.52346802
1310	95.44924164
1305	95.45262146
1300	95.43609619
1295	95.40477753
1290	95.41022491
1285	95.3729248
1280	95.38832855
1275	95.29515076
1270	95.28662109
1265	95.23831177
1260	95.25891113
1255	95.1785965
1250	95.15548706
1245	95.17382813
1240	95.08524323
1235	95.07479095
1230	95.05164337
1225	95.05860901
1220	95.06370544
1215	94.92416382
1210	94.92623901
1205	94.88321686
1200	94.84066772
1195	94.87469482
1190	94.78351593
1185	94.84435272
1180	94.74330902
1175	94.7689209
1170	94.68077087
1165	94.58914185
1160	94.59174347
1155	94.5184021
1150	94.50646973
1145	94.40254211
1140	94.39855194
1135	94.31646729
1130	94.25770569
1125	94.23854828
1120	94.12776184
1115	94.06298065
1110	94.07243347
1105	93.98751831
1100	93.91442871
1095	93.82571411
1090	93.73615265
1085	93.69186401
1080	93.61549377
1075	93.53543854
1070	93.47532654
1065	93.34888458
1060	93.34131622
1055	93.24944305
1050	93.11859894
1045	92.98538971
1040	92.86262512
1035	92.72625732
1030	92.66252136
1025	92.51919556
1020	92.38571167
1015	92.26713562
1010	92.12936401
1005	92.00296783
1000	91.88142395
995	91.6878891
990	91.52236938
985	91.40797424
980	91.18436432
975	91.04564667
970	90.8126297
965	90.54843903
960	90.43243408
955	90.17410278
950	90.00640869
945	89.72486877
940	89.43302917
935	89.25912476
930	88.91820526
925	88.62731171
920	88.34894562
915	88.08066559
910	87.8536911
905	87.19606018
900	87.16968536
895	86.61632538
890	86.20569611
885	86.15353394
880	85.83675385
875	85.5554657
870	84.21237183
865	84.25072479
860	83.62303162
855	84.46099091
850	83.04372406
845	82.92927551
840	82.01823425
835	82.23594666
830	82.53212738
825	82.03194427
820	81.18782043
815	82.13155365
810	81.26931763
805	82.53978729
800	80.28237152
795	82.3688736
790	82.42279053
785	82.44969177
780	82.73117065
775	82.64907074
770	82.98791504
765	83.00462341
760	82.76348877
755	82.95809174
750	83.0747757
745	83.38236237
740	83.35282898
735	83.34335327
730	83.33545685
725	83.54189301
720	83.73377991
715	83.65358734
710	83.90907288
705	83.78406525
700	84.02884674
695	83.95433044
690	84.06134033
685	84.11889648
680	84.23997498
675	84.25268555
670	84.25439453
665	84.38874817
660	84.30765533
655	84.36676788
650	84.39117432
645	84.40498352
640	84.38784027
635	84.44351196
630	84.52749634
625	84.37914276
620	84.53029633
615	84.4682312
610	84.47119904
605	84.56399536
600	84.47465515
595	84.41770935
590	84.34516144
585	84.31193542
580	84.32120514
575	84.42506409
570	84.26184845
565	84.24213409
560	84.23325348
555	84.01607513
550	84.06642151
545	83.83739471
540	83.90477753
535	83.86196136
530	83.72041321
525	83.58283997
520	83.53515625
515	83.57453918
510	83.38881683
505	83.40617371
500	83.17480469
495	82.98600006
490	82.93192291
485	82.80407715
480	82.72303009
475	82.63499451
470	82.38697815
465	82.41379547
460	82.20162201
455	82.0933075
450	81.84133911
445	81.73278809
440	81.5719223
435	81.20935059
430	81.13825989
425	80.86875916
420	80.75036621
415	80.58579254
410	80.43523407
405	80.26086426
400	80.07740021
395	79.63365173
390	79.46472931
385	79.2953186
380	78.83856964
375	78.84155273
370	78.56902313
365	78.38632965
360	77.8812561
355	77.74481201
350	77.12226868
345	76.96282959
340	76.87338257
335	76.43936157
330	76.21791077
325	76.35532379
320	75.75601959
315	74.64129639
310	74.7612915
305	74.78660583
300	73.67464447
295	72.92680359
290	71.80825806
285	72.05897522
280	71.53387451
275	68.21963501
270	69.01021576
265	66.76206207
260	65.24285126
255	65.74274445
250	67.47241974